6616735782093370.0
before w [[ 1.40919227e+08 -4.91842866e+07 -5.23730884e+07  1.50564630e+08
   6.29818409e+07 -1.89480323e+08  2.21024828e+07 -6.86802126e+07
   6.38906196e+07  8.87800474e+07 -1.17720026e+08 -9.92722442e+07
   2.44589852e+07  2.94555022e+07 -3.69674839e+07 -5.55974611e+06
  -5.13760627e+07  1.07177760e+07  1.44706647e+08 -6.79651598e+07]]
-----
LMS w [[ 7.84438497e-02 -1.00965888e-01 -5.40294812e-02  3.27835728e-02
  -3.31741161e-02 -6.77937922e-02  1.42824576e+00 -1.34439794e+00
  -1.43149093e-01  4.00486841e-03  7.40900583e-01 -8.10151699e-01
  -1.29789244e-01  1.92603136e-01 -1.57547145e-04  1.85811426e-02
  -1.12170055e-02 -4.68279780e-01 -4.62941108e-01  1.04189522e+00]]
TRAIN =====================
0.02286313442755561
TEST ======================
0.023592196846602572